City,Lat,Lng,Max Temp,Humidity,Cloudiness,Wind Speed,Country,Date
Ponta,38.7333,-28.2667,62.6,82,75,17.27,PT,1616174435
Bukama,-9.2,25.85,75.4,82,85,1.41,CD,1616174436
Sandy City,40.572,-111.8606,61.0,44,1,23.02,US,1616174287
Vao,-22.6667,167.4833,76.41,77,100,22.24,NC,1616174436
Hilo,19.7297,-155.09,64.4,88,1,4.74,US,1616174437
Rikitea,-23.1203,-134.9692,80.33,76,100,12.71,PF,1616174419
Ushuaia,-54.8,-68.3,51.8,62,75,11.5,AR,1616174364
Saskylakh,71.9167,114.0833,-32.12,97,0,4.72,RU,1616174438
Haines,59.2286,-135.4441,30.2,86,90,5.75,US,1616174438
Tautira,-17.7333,-149.15,80.6,74,75,3.44,PF,1616174439
Castro,-24.7911,-50.0119,73.53,79,57,7.54,BR,1616174439
Airai,-8.9266,125.4092,59.79,90,78,2.13,TL,1616174440
Avesta,60.1455,16.1679,33.01,38,47,3.56,SE,1616174440
Norfolk,42.1668,-71.2495,37.99,28,1,14.97,US,1616174441
Saiha,22.4833,92.9667,65.59,32,98,3.11,IN,1616174441
Nikolskoye,59.7035,30.7861,21.2,58,0,4.47,RU,1616174442
Torbay,47.6666,-52.7314,42.01,93,90,35.68,CA,1616174442
Oswego,43.4501,-76.1497,30.2,37,1,12.66,US,1616174443
Vestmanna,62.1564,-7.1664,46.4,93,75,8.05,FO,1616174444
Jamestown,42.097,-79.2353,37.0,40,1,14.61,US,1616174444
Osmeña,10.5208,119.9258,82.02,82,0,8.88,PH,1616174445
Cockburn,-32.0833,141.0,71.6,56,55,13.8,AU,1616174445
Grand,38.8755,-109.5012,55.99,30,1,6.91,US,1616174446
Bucerías,20.75,-105.3333,73.4,60,1,5.75,MX,1616174447
Moree,-29.4667,149.85,62.6,82,40,5.75,AU,1616174447
Binzhou,37.3667,118.0167,42.01,77,100,1.01,CN,1616174448
Labuhan,-6.8844,112.2051,80.13,83,93,7.63,ID,1616174449
Tiksi,71.6872,128.8694,-17.55,95,84,14.81,RU,1616174449
Kaitangata,-46.2817,169.8464,47.05,92,90,6.91,NZ,1616174450
Prince,52.9669,-108.3847,51.8,46,1,11.5,CA,1616174450
Luocheng,29.3848,104.0286,56.97,62,100,5.95,CN,1616174451
Fortuna,40.5982,-124.1573,53.01,87,75,8.05,US,1616174452
Kapaa,22.0752,-159.319,69.8,73,90,20.71,US,1616174452
Dikson,73.5069,80.5464,-31.79,92,0,4.68,RU,1616174453
Saint-Philippe,-21.3585,55.7679,77.0,83,75,11.5,RE,1616174453
Port,-7.0349,29.7638,75.83,74,90,0.6,CD,1616174454
Cape,-36.413,-71.9028,69.8,46,75,4.61,CL,1616174455
Busselton,-33.65,115.3333,70.66,55,89,6.91,AU,1616174455
Punta,8.9897,125.34,76.1,88,86,3.4,PH,1616174456
Tres,46.3231,11.0969,50.0,20,40,2.3,IT,1616174457
Qaanaaq,77.484,-69.3632,-6.59,74,100,2.89,GL,1616174457
Luwuk,-0.9516,122.7875,78.94,76,94,2.71,ID,1616174458
Mīnāb,27.1467,57.0801,75.2,57,21,4.61,IR,1616174458
Bethel,41.3712,-73.414,36.0,40,68,1.01,US,1616174459
Ajdabiya,30.7554,20.2263,75.74,18,0,18.63,LY,1616174443
New,6.6518,-10.5932,86.0,70,20,11.5,LR,1616174332
Thompson,55.7435,-97.8558,44.6,49,20,6.91,CA,1616174460
Butaritari,3.0707,172.7902,80.98,80,100,11.21,KI,1616174461
North,50.3333,3.6667,46.4,53,20,12.66,FR,1616174461
Muskogee,35.5834,-95.3336,55.4,47,1,10.36,US,1616174285
Hermanus,-34.4187,19.2345,66.99,67,100,3.0,ZA,1616174462
Goderich,43.7501,-81.7165,37.4,32,0,6.91,CA,1616174463
Fairbanks,64.8378,-147.7164,1.0,78,75,2.19,US,1616174433
Antsohihy,-14.8796,47.9875,76.55,91,100,0.81,MG,1616174464
Bluff,-46.6,168.3333,53.01,85,100,1.01,NZ,1616174464
Sedalia,38.7045,-93.2283,44.6,57,1,9.22,US,1616174465
Boende,-0.2167,20.8667,82.47,65,86,2.59,CD,1616174465
Kavaratti,10.5669,72.642,83.35,71,2,8.28,IN,1616174466
Katsuura,35.1333,140.3,53.6,71,75,11.5,JP,1616174466
East,65.0,-15.0,48.2,66,0,13.8,IS,1616174429
Lebu,-37.6167,-73.65,59.27,73,30,11.03,CL,1616174467
Alta,69.9689,23.2717,32.0,59,75,6.91,NO,1616174468
Honiara,-9.4333,159.95,77.59,85,64,2.62,SB,1616174469
Garden,53.688,12.0492,35.6,51,40,10.36,DE,1616174469
Port,-7.0349,29.7638,75.83,74,90,0.6,CD,1616174470
Bafra,41.5678,35.9069,50.0,69,100,3.0,TR,1616174470
Tuktoyaktuk,69.4541,-133.0374,-18.4,76,75,11.5,CA,1616174471
Vaini,-21.2,-175.2,75.2,100,20,4.61,TO,1616174471
Mbanza-Ngungu,-5.25,14.8667,73.22,86,37,3.15,CD,1616174472
Narsaq,60.9167,-46.05,30.2,40,75,9.22,GL,1616174473
Magadan,59.5667,150.8,-6.77,68,0,6.49,RU,1616174358
Padang,-0.9492,100.3543,77.0,94,90,6.91,ID,1616174473
Albany,42.6001,-73.9662,36.0,26,1,3.0,US,1616174474
Avarua,-21.2078,-159.775,78.8,83,75,5.75,CK,1616174474
Launceston,-41.45,147.1667,52.0,87,8,8.05,AU,1616174475
Yulara,-25.2406,130.9889,73.4,38,100,5.75,AU,1616174475
Villeta,5.0089,-74.4723,66.2,55,75,3.44,CO,1616174305
Yellowknife,62.456,-114.3525,24.01,63,75,10.36,CA,1616174222
Abensberg,48.8167,11.85,35.01,86,100,11.5,DE,1616174476
Dayong,25.0209,118.2898,64.4,94,75,2.24,CN,1616174477
Punta,8.9897,125.34,76.1,88,86,3.4,PH,1616174477
Banjarmasin,-3.3244,114.591,75.2,94,75,3.44,ID,1616174478
Chokurdakh,70.6333,147.9167,-16.96,79,100,8.5,RU,1616174478
Belize,17.25,-88.75,86.0,78,75,6.91,BZ,1616174479
El Puerto de Santa María,36.5939,-6.233,64.4,51,0,11.5,ES,1616174480
Nemuro,43.3236,145.575,27.81,74,3,12.8,JP,1616174480
Palmer,42.1584,-72.3287,37.0,21,20,14.97,US,1616174481
Port,-7.0349,29.7638,75.83,74,90,0.6,CD,1616174482
Rock,42.6667,-89.0668,46.4,29,1,9.22,US,1616174483
Luganville,-15.5333,167.1667,79.72,84,76,9.64,VU,1616174483
Ribeira,42.7461,-8.4439,55.0,81,75,13.8,ES,1616174484
Esperance,-33.8667,121.9,62.6,88,0,12.66,AU,1616174484
Cap-Haïtien,19.7578,-72.2042,78.8,57,20,8.05,HT,1616174410
Dzhebariki-Khaya,62.2167,135.8,0.19,88,99,4.43,RU,1616174485
Ancud,-41.8697,-73.8203,55.99,76,75,3.44,CL,1616174485
Buala,-8.145,159.5921,79.05,82,90,1.99,SB,1616174486
Sterling,39.0062,-77.4286,45.0,31,75,18.41,US,1616174487
Barrow,71.2906,-156.7887,-7.6,71,90,6.91,US,1616174255
Mataura,-46.1927,168.8643,53.01,85,93,1.01,NZ,1616174488
Tasiilaq,65.6145,-37.6368,30.2,69,1,10.36,GL,1616174488
Nelson,-41.2833,173.2833,50.0,83,0,1.99,NZ,1616174421
Likasi,-10.9814,26.7333,65.68,92,84,1.03,CD,1616174489
Mys,62.0589,48.6201,22.41,95,100,5.68,RU,1616174490
Botwood,49.1499,-55.3482,32.0,93,100,1.01,CA,1616174490
Petropavlovsk-Kamchatskiy,53.0452,158.6483,32.0,100,90,2.24,RU,1616174491
Hithadhoo,-0.6,73.0833,82.76,73,100,11.54,MV,1616174491
Sinazongwe,-17.2614,27.4618,78.28,71,1,5.7,ZM,1616174492
Pisco,-13.7,-76.2167,75.99,73,0,9.22,PE,1616174492
Atuona,-9.8,-139.0333,80.1,77,48,13.49,PF,1616174493
Kamaishi,39.2667,141.8833,37.81,72,39,3.56,JP,1616174494
Gunjur,13.2019,-16.7339,82.4,57,0,9.22,GM,1616174494
Port,-7.0349,29.7638,75.83,74,90,0.6,CD,1616174495
Townsville,-19.25,146.8,75.2,94,75,3.44,AU,1616174495
Ushtobe,45.2514,77.9838,33.17,69,0,8.72,KZ,1616174496
Caravelas,-17.7125,-39.2481,84.81,57,68,9.13,BR,1616174497
Bambous,-20.2567,57.4061,77.0,88,40,6.91,MU,1616174498
Vidisha,23.5333,77.8167,74.01,55,63,7.56,IN,1616174498
Lázaro,19.4558,-71.3261,84.99,56,0,8.01,DO,1616174499
Mana,5.6592,-53.7767,81.82,64,54,8.19,GF,1616174500
Saint-Augustin,51.226,-58.6502,22.23,83,71,13.06,CA,1616174500
Kieta,-6.2167,155.6333,79.41,78,86,1.86,PG,1616174501
Dunedin,-45.8742,170.5036,54.0,81,92,4.0,NZ,1616174501
Digoin,46.4812,3.9795,39.0,87,40,8.05,FR,1616174502
Gorin,51.1983,136.6669,15.49,86,38,1.3,RU,1616174503
Iqaluit,63.7506,-68.5145,-13.0,64,1,24.16,CA,1616174503
Tsiroanomandidy,-18.7667,46.0333,71.11,91,100,0.87,MG,1616174504
Asău,46.4333,26.4,33.01,71,100,2.95,RO,1616174504
Victor,42.9826,-77.4089,32.0,48,1,3.0,US,1616174505
Mar,43.4002,-4.0094,51.8,71,75,13.8,ES,1616174505
Mount,53.6597,-1.8537,46.99,88,100,1.99,GB,1616174506
Tongzi,28.7829,105.0877,57.88,75,100,10.98,CN,1616174506
Zemio,5.0314,25.1361,76.64,63,77,3.58,CF,1616174507
Mount Abu,24.6,72.7,63.55,28,6,2.26,IN,1616174508
Bengkulu,-3.8004,102.2655,76.86,88,100,4.32,ID,1616174508
Forio,40.7342,13.8646,48.99,60,100,3.0,IT,1616174509
Isangel,-19.55,169.2667,75.76,83,79,11.43,VU,1616174509
Meaford,44.6001,-80.583,32.0,33,0,3.96,CA,1616174510
Trelew,-43.249,-65.3051,82.45,16,0,16.62,AR,1616174511
Sao,20.5113,76.2129,76.69,45,40,14.05,IN,1616174511
Arrondissement de Verdun,49.25,5.3333,41.0,60,42,5.99,FR,1616174512
Distrikt Brokopondo,4.75,-55.1667,85.21,51,80,1.57,SR,1616174513
Paidha,2.4167,30.9855,61.07,93,58,6.8,UG,1616174513
Half,6.3807,-10.6953,86.0,70,20,11.5,LR,1616174514
Norman,35.2226,-97.4395,54.0,47,1,10.36,US,1616174393
Aseri,59.4506,26.8675,21.65,71,100,8.25,EE,1616174515
Clyde,41.3042,-82.9752,37.0,55,0,3.0,US,1616174515
Kahului,20.8947,-156.47,69.8,68,20,13.8,US,1616174516
Rincon,32.296,-81.2354,66.0,45,20,13.8,US,1616174516
Saint Paul Harbor,57.79,-152.4072,15.8,57,1,6.91,US,1616174517
Porto,41.1496,-8.611,63.0,48,0,20.71,PT,1616174279
Carnarvon,-24.8667,113.6333,78.8,73,0,10.36,AU,1616174518
Sechura,-5.5569,-80.8222,84.38,51,88,9.46,PE,1616174518
Provideniya,64.3833,-173.3,-11.27,96,36,13.51,RU,1616174519
Mayo,38.8876,-76.5119,46.0,36,1,18.41,US,1616174520
Boddam,57.4667,-1.7833,50.0,81,90,10.36,GB,1616174520
Katherine,-14.4667,132.2667,77.0,94,90,2.75,AU,1616174521
Tournai,50.6072,3.3893,46.99,64,0,5.01,BE,1616174521
Pemberton,50.3164,-122.8027,41.0,100,90,2.08,CA,1616174400
Mount,53.6597,-1.8537,46.99,88,100,1.99,GB,1616174522
Oodweyne,9.4092,45.064,76.33,47,93,14.2,SO,1616174523
Matara,5.9485,80.5353,77.61,79,100,3.24,LK,1616174524
Nishihara,26.1842,127.7558,71.6,83,40,6.91,JP,1616174524
Nueva,-1.7167,-79.8333,88.0,70,75,4.61,EC,1616174524
Pevek,69.7008,170.3133,-20.78,88,98,1.41,RU,1616174525
Nouadhibou,20.931,-17.0347,69.8,68,0,19.57,MR,1616174525
Qasigiannguit,68.8193,-51.1922,21.2,53,75,14.97,GL,1616174526
Falun,60.6036,15.626,34.0,44,90,5.75,SE,1616174526
Vila,42.0304,-8.1588,51.01,76,95,8.99,PT,1616174527
Yangjiang,21.85,111.9667,72.3,88,2,2.39,CN,1616174528
Jianning,27.8333,113.15,46.4,93,75,11.18,CN,1616174528
Warman,52.3168,-106.5679,48.2,49,75,13.8,CA,1616174529
Sioux,42.7333,-96.2336,46.4,49,1,16.11,US,1616174529
Hobart,-42.8794,147.3294,55.99,93,40,6.91,AU,1616174362
Rome,43.2128,-75.4557,33.01,34,1,12.66,US,1616174498
Naze,28.3667,129.4833,66.24,88,22,6.69,JP,1616174530
Chui,-33.6971,-53.4616,71.6,54,0,7.05,UY,1616174531
Fengxian,34.7039,116.5872,43.65,70,100,1.32,CN,1616174532
Caselle,45.4134,10.8957,46.99,49,40,10.36,IT,1616174532
Bilibino,68.0546,166.4372,-20.96,68,84,1.03,RU,1616174533
Porto,41.1496,-8.611,63.0,48,0,20.71,PT,1616174279
Omboué,-1.5746,9.2618,77.7,85,91,6.4,GA,1616174534
Samut,14.6996,103.3129,93.0,70,62,6.6,TH,1616174534
Kimbe,-5.5502,150.1429,75.78,91,76,3.2,PG,1616174535
Baykit,61.67,96.37,24.67,91,100,13.02,RU,1616174535
Bathsheba,13.2167,-59.5167,84.2,51,40,18.41,BB,1616174535
Bredasdorp,-34.5322,20.0403,66.2,68,100,5.75,ZA,1616174536
West,31.8024,-97.0917,55.4,54,40,8.05,US,1616174292
Safford,32.834,-109.7076,64.4,16,1,6.91,US,1616174537
El Puerto de Santa María,36.5939,-6.233,64.4,51,0,11.5,ES,1616174538
Zermatt,46.0213,7.7491,27.0,100,40,5.75,CH,1616174538
Cherskiy,68.75,161.3,-31.99,100,8,1.74,RU,1616174539
Esim,4.8699,-2.2405,82.72,69,100,10.31,GH,1616174540
Makakilo,21.3524,-158.0865,69.8,68,1,4.61,US,1616174540
San,13.3034,-4.8956,101.86,7,20,4.14,ML,1616174279
Talnakh,69.4865,88.3972,-25.58,93,38,9.19,RU,1616174541
Geraldton,-28.7667,114.6,66.2,55,0,1.14,AU,1616174542
Port,-7.0349,29.7638,75.83,74,90,0.6,CD,1616174470
Port,-7.0349,29.7638,75.83,74,90,0.6,CD,1616174482
Clarence,42.9767,-78.592,36.0,30,1,14.97,US,1616174543
Sāl,32.5694,35.9119,59.0,58,0,11.5,JO,1616174544
Tromsø,69.6496,18.957,37.4,81,75,27.63,NO,1616174544
Moose,43.6558,-110.7183,42.8,69,20,3.44,US,1616174545
Agawam,42.0695,-72.6148,39.2,23,1,23.02,US,1616174545
Lamu,-2.2717,40.902,82.4,74,20,10.36,KE,1616174546
Shelburne,44.0787,-80.2041,37.0,36,0,8.61,CA,1616174546
Kensington,-33.9167,151.2167,68.0,94,75,23.02,AU,1616174547
Muttupet,10.4,79.4833,77.65,77,44,9.17,IN,1616174547
Evensk,61.95,159.2333,0.72,81,100,11.01,RU,1616174548
Kigoma,-4.8769,29.6267,75.2,46,40,4.03,TZ,1616174549
Lompoc,34.6391,-120.4579,61.0,67,90,5.75,US,1616174478
Yining,29.0361,114.5636,53.15,94,99,3.74,CN,1616174550
Margate,51.3813,1.3862,44.01,72,0,5.99,GB,1616174550
Kununurra,-15.7667,128.7333,75.2,100,75,4.61,AU,1616174551
Morant,17.9,-76.4333,84.99,65,20,10.36,JM,1616174551
Igunga,-4.2833,33.8833,72.5,65,45,6.55,TZ,1616174552
Cidreira,-30.1811,-50.2056,75.72,64,59,10.18,BR,1616174553
Faanui,-16.4833,-151.75,81.99,67,27,4.81,PF,1616174553
El Puerto de Santa María,36.5939,-6.233,64.4,51,0,11.5,ES,1616174554
Cap,49.2718,-1.2104,46.0,76,0,13.8,FR,1616174555
Binabalian Ricor,16.4202,119.9279,82.09,77,47,2.37,PH,1616174555
Ełk,53.8282,22.3647,28.18,72,96,10.71,PL,1616174556
Dillon,34.4166,-79.3712,53.01,71,90,18.41,US,1616174293
Necochea,-38.5473,-58.7368,72.0,51,0,5.99,AR,1616174557
Atyrau,47.1167,51.8833,33.8,93,75,20.13,KZ,1616174557
Okhotsk,59.3833,143.3,1.44,64,0,15.57,RU,1616174558
Turukhansk,65.8167,87.9833,-8.66,96,65,10.54,RU,1616174558
Ratnagiri,16.9833,73.3,78.39,66,0,11.36,IN,1616174559
Laas,46.6166,10.7002,50.0,51,20,6.91,IT,1616174559
Jati,24.3539,68.2671,74.7,67,0,12.53,PK,1616174559
Arraial,-22.8362,-46.646,86.0,45,75,5.75,BR,1616174560
Hasaki,35.7333,140.8333,44.6,87,0,9.22,JP,1616174560
Okha,53.5739,142.9478,8.37,93,1,10.36,RU,1616174561
George Town,5.4112,100.3354,84.0,61,20,3.44,MY,1616174562
Ambilobe,-13.2,49.05,75.94,92,96,1.45,MG,1616174562
San,13.3034,-4.8956,101.86,7,20,4.14,ML,1616174563
Kenora,49.8167,-94.4337,41.0,52,20,18.41,CA,1616174563
Westport,41.1415,-73.3579,41.0,26,1,14.97,US,1616174564
Yaypan,40.3758,70.8156,57.29,31,97,4.12,UZ,1616174564
Ilulissat,69.2167,-51.1,21.2,53,75,14.97,GL,1616174565
Jonesboro,35.8423,-90.7043,48.99,57,1,13.8,US,1616174565
Pale,43.8161,18.5694,37.4,56,40,5.75,BA,1616174566
Bambanglipuro,-7.95,110.2833,77.63,86,99,7.81,ID,1616174567
Medford,42.3265,-122.8756,46.0,75,1,3.67,US,1616174489
Lovozero,68.005,35.0117,14.88,89,100,8.14,RU,1616174567
Havøysund,70.9963,24.6622,37.4,86,90,25.32,NO,1616174531
Kruisfontein,-34.0033,24.7314,63.28,84,100,10.49,ZA,1616174568
Alofi,-19.0595,-169.9187,75.2,100,100,4.61,NU,1616174568
Khatanga,71.9667,102.5,-31.81,98,100,3.98,RU,1616174569
Sabang,5.8933,95.3214,83.73,69,85,8.46,ID,1616174570
Paamiut,61.994,-49.6678,30.06,65,100,20.8,GL,1616174570
Ormara,25.2088,64.6357,76.12,73,0,8.16,PK,1616174571
Marawi,7.9986,124.2928,77.0,89,51,4.0,PH,1616174572
Jacareacanga,-6.2222,-57.7528,88.25,56,99,1.5,BR,1616174572
Krasnyy,54.5678,31.4333,28.17,86,99,5.06,RU,1616174573
Bulungu,-4.55,18.6,75.9,90,80,4.29,CD,1616174573
Meulaboh,4.1363,96.1285,77.94,86,99,4.14,ID,1616174574
Abengourou,6.7297,-3.4964,90.21,45,93,2.75,CI,1616174574
College,64.8569,-147.8028,1.0,78,75,2.06,US,1616174575
Qujing,25.4833,103.7833,64.0,36,100,1.99,CN,1616174575
Taldan,53.6667,124.8,10.78,91,100,1.57,RU,1616174576
Baraboo,43.4711,-89.7443,46.0,45,1,4.61,US,1616174576
Aklavik,68.2191,-135.0107,-9.4,70,75,5.75,CA,1616174577
North,50.3333,3.6667,46.4,53,20,12.66,FR,1616174578
Amga,60.8953,131.9608,14.25,95,91,5.14,RU,1616174579
Ust'-Ilimsk,58.0006,102.6619,18.07,93,97,8.9,RU,1616174579
Salalah,17.0151,54.0924,80.6,65,0,2.3,OM,1616174580
Velika,45.4544,17.6614,36.0,76,51,1.95,HR,1616174581
Coello,4.2891,-74.8982,87.64,54,92,3.74,CO,1616174581
Ozuluama de Mascareñas,21.6667,-97.85,71.98,55,0,4.38,MX,1616174582
Shimoda,34.6667,138.95,54.0,92,66,7.23,JP,1616174582
Vostok,46.4856,135.8833,14.27,95,67,3.67,RU,1616174583
Sisimiut,66.9395,-53.6735,24.39,68,100,17.56,GL,1616174583
Ostrovnoy,68.0531,39.5131,11.14,89,59,20.98,RU,1616174584
Miraflores,19.2167,-98.8083,68.0,34,1,4.16,MX,1616174584
Ashoknagar,24.5667,77.7167,73.81,48,79,9.44,IN,1616174585
Cangzhou,38.3167,116.8667,42.35,82,100,1.83,CN,1616174585
Gorontalo,0.5412,123.0595,74.75,93,82,3.27,ID,1616174586
Codrington,-38.2667,141.9667,57.49,93,0,7.76,AU,1616174587
Huarmey,-10.0681,-78.1522,77.72,64,45,11.79,PE,1616174587
Camacha,33.0833,-16.3333,60.8,59,75,13.8,PT,1616174588
Mount Abu,24.6,72.7,63.55,28,6,2.26,IN,1616174588
Chepelare,41.7333,24.6833,42.01,75,75,6.91,BG,1616174589
Mehrān,33.1222,46.1646,48.2,53,0,6.91,IR,1616174590
Santa,17.486,120.4348,78.24,81,87,4.43,PH,1616174479
Horsham,51.064,-0.3272,50.0,53,20,12.66,GB,1616174591
Dingle,10.9995,122.6711,77.16,83,23,5.75,PH,1616174591
Neiafu,-18.65,-173.9833,75.2,94,20,11.52,TO,1616174592
Noumea,-22.2763,166.4572,79.0,88,90,12.97,NC,1616174592
Armação,-27.7496,-48.5071,81.0,65,40,12.66,BR,1616174592
Port,-7.0349,29.7638,75.83,74,90,0.6,CD,1616174495
Marsh,53.6512,-1.8078,48.99,88,100,1.99,GB,1616174593
Klaksvík,62.2266,-6.589,46.4,93,75,12.66,FO,1616174594
Killybegs,54.6333,-8.45,50.0,100,40,8.05,IE,1616174594
Kushima,31.4583,131.2333,61.59,86,100,7.05,JP,1616174595
Kichera,55.9375,110.0997,13.42,95,98,2.84,RU,1616174595
Touros,-5.1989,-35.4608,86.0,62,40,16.11,BR,1616174595
Amahai,-3.3333,128.9167,79.43,84,99,2.98,ID,1616174544
Maniitsoq,65.4167,-52.9,25.11,84,100,15.77,GL,1616174596
Belmonte,-15.8631,-38.8828,84.2,79,75,6.91,BR,1616174597
Havelock,34.8791,-76.9013,46.99,93,90,25.32,US,1616174598
Port,-7.0349,29.7638,75.83,74,90,0.6,CD,1616174482
Guerrero,17.6667,-100.0,81.41,40,1,5.32,MX,1616174598
Lucea,18.451,-78.1736,84.0,69,20,16.11,JM,1616174599
Mahébourg,-20.4081,57.7,77.0,88,40,6.91,MU,1616174599
Yantal',56.8471,105.2542,15.21,95,97,7.05,RU,1616174600
Sri,30.0381,-8.7951,73.4,46,20,24.16,MA,1616174601
Verkhnyaya,60.9844,40.2072,18.93,95,100,4.83,RU,1616174602
Turtas,58.9417,69.1325,24.22,97,100,4.85,RU,1616174602
Ol'ga,43.7444,135.2892,30.04,72,20,4.09,RU,1616174603
Chapais,49.7834,-74.8492,17.6,45,75,12.66,CA,1616174604
Hualmay,-11.0964,-77.6139,76.96,66,46,11.16,PE,1616174604
Forsytheganj,52.6333,29.7333,29.28,74,75,4.43,BY,1616174604
Manacapuru,-3.2997,-60.6206,86.0,70,40,3.44,BR,1616174605
Stephenville,32.2207,-98.2023,55.4,47,1,11.5,US,1616174605
Vardø,70.3705,31.1107,23.0,93,75,42.57,NO,1616174606
Lincoln,40.8,-96.667,48.99,39,1,6.91,US,1616174333
Tuskegee,32.424,-85.6916,54.0,66,90,8.05,US,1616174607
Challapata,-18.9,-66.7667,55.33,54,79,5.7,BO,1616174607
Portland,45.5234,-122.6762,51.8,58,75,10.36,US,1616174107
Zhanakorgan,43.9098,67.2495,51.85,61,100,9.93,KZ,1616174608
Lieksa,63.3167,30.0167,9.81,90,76,2.21,FI,1616174609
Manjacaze,-24.7117,33.8828,72.84,91,14,6.13,MZ,1616174609
Lüderitz,-26.6481,15.1594,68.94,63,65,22.86,NA,1616174610
Beloha,-25.1667,45.05,78.51,71,22,6.08,MG,1616174611
Zmeinogorsk,51.1567,82.195,21.51,81,59,5.19,RU,1616174611
Grand,38.8755,-109.5012,55.99,30,1,6.91,US,1616174446
Payakumbuh,-0.2202,100.6308,71.22,97,100,2.44,ID,1616174612
Port,-7.0349,29.7638,75.83,74,90,0.6,CD,1616174470
Husavik,66.0449,-17.3389,50.0,66,75,23.02,IS,1616174612
Flin,48.4982,6.6557,39.2,60,75,11.5,FR,1616174613
Barra,-11.0894,-43.1417,87.82,43,100,5.32,BR,1616174614
Saldanha,-33.0117,17.9442,66.2,63,34,14.97,ZA,1616174615
Bouza,14.4229,6.0428,101.08,11,3,4.21,NE,1616174615
Parrita,9.5201,-84.3225,80.6,57,75,17.27,CR,1616174616
Mwene-Ditu,-7.0,23.45,72.9,77,94,3.04,CD,1616174616
Ulaangom,49.9811,92.0667,4.32,96,91,0.76,MN,1616174617
Dingli,35.8614,14.3822,57.0,67,0,8.05,MT,1616174617
Alvorada,-12.48,-49.1247,81.28,73,100,3.98,BR,1616174618
Eureka,40.8021,-124.1637,53.01,68,39,8.99,US,1616174618
Whitehorse,60.7161,-135.0538,12.0,85,90,8.05,CA,1616174619
Sola,-13.8833,167.55,82.09,75,93,12.08,VU,1616174620
Wilmington,34.2257,-77.9447,52.0,66,90,24.16,US,1616174348
Blanes,41.6742,2.7904,52.0,49,0,21.85,ES,1616174620
Kasongo-Lunda,-6.4667,16.8167,76.21,88,97,1.16,CD,1616174621
Kloulklubed,7.0419,134.2556,77.0,94,75,12.53,PW,1616174622
Alihe,50.5667,123.7167,19.02,95,95,1.03,CN,1616174622
Andenes,69.3143,16.1194,42.8,81,75,28.77,NO,1616174623
Phalodi,27.1333,72.3667,76.12,27,0,4.65,IN,1616174623
Lashio,22.9333,97.75,67.03,33,80,2.04,MM,1616174624
Faya,18.3851,42.4509,66.2,77,0,4.61,SA,1616174624
Nanortalik,60.1432,-45.2371,30.6,81,100,17.87,GL,1616174625
Severo-Kuril'sk,50.6789,156.125,27.16,89,100,16.84,RU,1616174625
Corinth,37.9407,22.9573,52.0,61,73,3.0,GR,1616174626
Samarai,-10.6167,150.6667,81.95,77,5,6.44,PG,1616174627
Christchurch,-43.5333,172.6333,54.0,87,90,1.14,NZ,1616174418
Yankton,42.8711,-97.3973,44.6,53,1,14.97,US,1616174628
Itaí,-23.4178,-49.0906,80.38,69,62,9.24,BR,1616174628
Longyearbyen,78.2186,15.6401,32.0,69,75,12.66,SJ,1616174629
Ust'-Barguzin,53.45,108.9833,7.7,96,77,3.06,RU,1616174629
Rundu,-17.9333,19.7667,74.1,62,63,4.41,NA,1616174630
Verāval,20.9,70.3667,74.44,85,0,11.16,IN,1616174630
Constitución,-35.3333,-72.4167,62.69,53,61,7.47,CL,1616174631
Bandarbeyla,9.4942,50.8122,78.64,74,34,13.85,SO,1616174632
Klyuchi,52.2667,79.1667,19.81,76,24,14.9,RU,1616174632
Butterworth,5.3991,100.3638,84.0,61,20,3.44,MY,1616174633
Biak,-0.9131,122.8766,77.81,76,91,2.57,ID,1616174634
Cabo,-8.2833,-35.0333,84.2,61,40,9.22,BR,1616174634
Krasnosel'kup,65.7,82.4667,-13.13,96,13,10.89,RU,1616174635
Santa,17.486,120.4348,78.24,81,87,4.43,PH,1616174479
Nhulunbuy,-12.2333,136.7667,77.0,94,90,3.94,AU,1616174636
Ende,-8.8432,121.6623,78.73,88,96,5.14,ID,1616174636
Sitka,57.0531,-135.33,33.8,75,90,13.8,US,1616174637
Green,40.9459,-81.4832,41.0,38,1,19.57,US,1616174405
Lavrentiya,65.5833,-171.0,-17.41,89,3,4.9,RU,1616174637
Bichura,50.5881,107.6022,10.45,89,54,3.27,RU,1616174638
Koslan,63.4564,48.8989,16.59,95,100,4.83,RU,1616174638
Sambava,-14.2667,50.1667,78.8,86,96,8.63,MG,1616174639
Māngrol,21.1167,70.1167,74.91,84,0,11.23,IN,1616174640
Laguna,38.421,-121.4238,55.99,94,75,3.44,US,1616174641
Souillac,-20.5167,57.5167,77.0,88,40,6.91,MU,1616174641
Olinda,-8.0089,-34.8553,84.2,61,40,9.22,BR,1616174641
Lingao,19.9103,109.6859,74.88,81,14,13.62,CN,1616174642
Morehead,37.2711,-87.1764,46.99,42,1,10.36,US,1616174642
Lagoa,39.05,-27.9833,59.38,81,52,16.93,PT,1616174643
Griffith,41.5284,-87.4237,41.0,52,1,6.91,US,1616174644
Níjar,36.9665,-2.206,53.01,87,75,9.22,ES,1616174644
Kavieng,-2.5744,150.7967,82.33,76,4,11.32,PG,1616174590
Mareeba,-17.0,145.4333,75.2,88,75,3.44,AU,1616174645
Ola,59.5833,151.2833,-7.2,72,0,8.61,RU,1616174646
Moindou,-21.6924,165.677,71.6,88,90,3.47,NC,1616174646
Daru,-9.0763,143.2092,78.35,85,85,6.55,PG,1616174647
Meïganga,6.5167,14.3,72.88,73,82,4.09,CM,1616174648
Tuatapere,-46.1333,167.6833,53.01,85,93,1.01,NZ,1616174649
Mackenzie,55.2999,-123.1698,35.6,75,1,12.66,CA,1616174649
Jilib,0.4883,42.7854,77.43,78,0,10.0,SO,1616174650
Shaowu,27.3409,117.4831,66.88,96,28,4.74,CN,1616174651
Pundaguitan,6.3711,126.1689,82.27,77,89,8.39,PH,1616174651
Dongli,23.5656,116.8194,68.0,88,75,2.24,CN,1616174652
Kitale,1.0157,35.0062,61.16,77,69,2.93,KE,1616174652
Oban,56.4127,-5.4706,53.01,83,93,4.54,GB,1616174653
Lamont,35.2597,-118.9143,66.99,66,8,1.01,US,1616174653
Kantunilkín,21.0917,-87.45,82.4,74,75,6.91,MX,1616174654
Kumul,42.8,93.45,34.63,20,0,11.88,CN,1616174654
Banting,2.8167,101.5,78.01,88,20,2.68,MY,1616174596
Genhe,50.7833,121.5167,13.55,93,90,2.21,CN,1616174655
Kaputa,-8.4689,29.6619,73.17,79,96,4.36,ZM,1616174655
Shahrud,36.4182,54.9763,51.37,64,88,11.79,IR,1616174656
Lata,40.1629,-8.3327,63.0,58,0,18.41,PT,1616174656
Pinheiro,-2.5214,-45.0825,83.01,83,71,3.15,BR,1616174657
Gladstone,-23.85,151.25,75.2,83,75,6.91,AU,1616174657
Egvekinot,66.3167,-179.1667,-14.8,67,2,7.36,RU,1616174658
Upernavik,72.7868,-56.1549,8.22,85,100,2.21,GL,1616174659
Dhidhdhoo,6.8833,73.1,83.26,67,36,4.54,MV,1616174659
Esso,55.9333,158.7,15.51,96,100,1.97,RU,1616174660
Yar-Sale,66.8333,70.8333,-19.01,98,29,10.0,RU,1616174660
Muzaffarabad,34.37,73.4711,62.04,53,11,6.78,PK,1616174661
Bubaque,11.2833,-15.8333,76.6,70,0,17.05,GW,1616174661
Vera,-29.4593,-60.2126,72.16,54,90,6.08,AR,1616174662
Aurillac,44.9167,2.45,41.0,60,17,14.0,FR,1616174662
Hong Kong,22.2855,114.1577,75.0,87,5,5.77,HK,1616174663
Itarema,-2.9248,-39.9167,85.91,64,47,14.36,BR,1616174663
Sumbe,-11.2061,13.8437,80.64,78,14,9.08,AO,1616174663
Várzea,39.5167,-8.3333,66.0,44,37,3.0,PT,1616174664
South,64.0,-19.0,39.99,92,100,17.0,IS,1616174664
San,13.3034,-4.8956,101.86,7,20,4.14,ML,1616174563
Aldine,29.9324,-95.3802,62.01,44,20,17.27,US,1616174665
Safaga,26.7292,33.9365,73.4,31,0,12.66,EG,1616174665
Regierungsbezirk Detmold,51.8,8.0,44.01,55,63,5.01,DE,1616174666
Pringsewu,-5.3582,104.9744,74.84,94,92,6.11,ID,1616174667
Harper,4.375,-7.7169,82.69,73,3,9.53,LR,1616174667
Rokytne,51.2796,27.214,30.33,76,100,3.49,UA,1616174668
Tafalla,42.5269,-1.6745,50.0,81,75,11.5,ES,1616174668
Maţāy,28.419,30.7792,69.44,27,0,10.36,EG,1616174669
Ueckermünde,53.7379,14.0447,30.0,79,72,5.99,DE,1616174669
Srednekolymsk,67.45,153.6833,-26.91,95,0,2.89,RU,1616174670
Pacifica,37.6138,-122.4869,57.0,100,90,5.75,US,1616174670
Colac,-38.3333,143.5833,61.0,93,4,5.99,AU,1616174671
Novikovo,51.1537,37.8879,31.3,85,99,5.93,RU,1616174672
Minot,48.2325,-101.2963,46.99,49,1,18.41,US,1616174672
Sarangani,5.4033,125.4636,82.65,76,78,9.48,PH,1616174673
Gamba,-2.65,10.0,77.09,82,98,0.47,GA,1616174673
Mosal'sk,54.4881,34.9817,28.02,97,100,4.5,RU,1616174674
Tieli,46.95,128.05,28.02,66,100,5.66,CN,1616174675
Aleksandrov,56.4,38.71,23.65,94,97,6.71,RU,1616174675
Hamilton,39.1834,-84.5333,46.99,34,1,18.41,US,1616174676
Ahipara,-35.1667,173.1667,57.34,84,3,7.78,NZ,1616174677
Marzuq,14.4,46.4667,65.1,48,39,6.87,YE,1616174677
Uruçuí,-7.2294,-44.5561,83.73,73,100,3.0,BR,1616174678
Yaan,7.3833,8.5667,91.49,41,36,12.03,NG,1616174678
Kupino,54.3663,77.2981,24.01,81,100,18.92,RU,1616174679
Springbok,-29.6643,17.8865,69.8,39,11,6.26,ZA,1616174679
Cagliliog,13.9016,123.2913,77.76,87,95,5.53,PH,1616174680
Grindavik,63.8424,-22.4338,44.6,87,75,26.46,IS,1616174680
Nueva,-1.7167,-79.8333,88.0,70,75,4.61,EC,1616174681
Butembo,0.15,29.2833,61.05,89,76,2.71,CD,1616174681
Yeniseysk,58.4497,92.1703,25.0,91,100,9.46,RU,1616174682
Adré,13.4667,22.2,88.66,12,100,9.4,TD,1616174683
Qui,-10.9706,-37.5959,84.2,65,40,13.8,BR,1616174683
Hobyo,5.3505,48.5268,81.72,78,83,16.87,SO,1616174684
Perth,-31.9333,115.8333,72.0,55,0,3.44,AU,1616174662
Leningradskiy,69.3833,178.4167,-23.04,84,15,1.54,RU,1616174684
Sungai,8.4514,124.4028,77.0,89,72,4.0,PH,1616174685
Ketchikan,55.3422,-131.6461,33.8,100,1,2.06,US,1616174686
Honningsvåg,70.9821,25.9704,33.8,86,90,25.32,NO,1616174686
St. George's,12.0564,-61.7485,84.2,74,40,20.71,GD,1616174687
Aswān,24.0934,32.907,81.01,11,0,10.45,EG,1616174687
Grand,38.8755,-109.5012,55.99,30,1,6.91,US,1616174688
Arrondissement de Parthenay,46.6667,-0.4167,46.99,51,13,7.0,FR,1616174689
Sørland,67.667,12.6934,42.8,87,75,23.02,NO,1616174532
Coroneo,20.1333,-100.3333,64.4,45,1,5.75,MX,1616174690
Charleville,-26.4,146.25,69.8,83,75,8.68,AU,1616174690
Erenhot,43.6475,111.9767,30.72,66,88,8.84,CN,1616174691
Novyy,45.0072,38.9819,43.0,87,40,13.42,RU,1616174691
Muravlenko,63.7898,74.523,5.14,95,100,14.03,RU,1616174692
Malakal,9.5334,31.6605,91.26,27,61,3.36,SS,1616174693
Pierre,44.3683,-100.351,48.99,61,1,18.41,US,1616174400
Comodoro,-13.6631,-59.7858,77.95,76,100,2.8,BR,1616174694
Dolores,-36.3132,-57.6792,74.48,38,0,6.78,AR,1616174695
Bajil,15.0584,43.2851,85.75,48,0,5.1,YE,1616174695
Tooele,40.5308,-112.2983,62.6,31,1,23.02,US,1616174696
Ust-Maya,60.4167,134.5333,2.23,97,90,4.05,RU,1616174696
Tigzirt,36.8886,4.1198,50.32,85,100,9.4,DZ,1616174697
Mitsamiouli,-11.3847,43.2844,83.43,73,82,3.36,KM,1616174697
Guéret,46.1667,1.8667,39.2,75,90,17.27,FR,1616174698
Koson,39.0375,65.585,59.0,88,90,4.61,UZ,1616174699
Lixouri,38.2019,20.4314,55.4,82,20,1.32,GR,1616174699
Aksarka,66.5606,67.7975,-20.88,98,40,10.2,RU,1616174700
Kupang,-10.1667,123.5833,78.3,83,87,9.93,ID,1616174666
Wanlaweyn,2.6185,44.8938,82.04,69,54,17.36,SO,1616174700
Turbo,8.0937,-76.7269,81.84,75,97,1.97,CO,1616174701
Urusha,54.05,122.9,13.82,94,100,0.78,RU,1616174702
Morros,-9.4467,-46.3003,82.4,68,100,1.16,BR,1616174702
Rawson,-43.3002,-65.1023,79.57,23,0,16.37,AR,1616174703
Saint-Pierre,-21.3393,55.4781,77.0,83,75,11.5,RE,1616174704
Udachny,66.4167,112.4,-18.4,94,90,6.22,RU,1616174704
Baoshan,46.5586,131.4244,26.8,68,59,1.19,CN,1616174701
Wau,7.7029,27.9953,87.39,39,97,1.83,SS,1616174705
Kayes,14.0,-11.0,101.84,9,0,5.73,ML,1616174706
Upington,-28.4478,21.2561,82.4,34,20,4.61,ZA,1616174706
Yong’an,39.6957,113.6871,34.92,90,99,8.01,CN,1616174707
Toyooka,35.5333,134.8333,40.48,85,1,2.37,JP,1616174707
Soe,-9.8607,124.284,65.46,92,27,4.12,ID,1616174708
Teluk,-6.3722,105.8252,80.11,77,92,7.76,ID,1616174708
Bealanana,-14.55,48.7333,66.97,96,100,2.62,MG,1616174709
Roald,62.5833,6.1333,45.0,81,75,17.27,NO,1616174710
Catuday,16.2923,119.8062,79.72,78,60,2.42,PH,1616174710
Northam,51.0333,-4.2167,54.0,77,83,5.99,GB,1616174711
Charters,38.5736,-83.4333,46.99,29,1,18.41,US,1616174712
Korla,41.7597,86.1469,38.01,65,0,3.62,CN,1616174712
Virden,39.5009,-89.7679,46.99,59,26,8.99,US,1616174713
Itupiranga,-5.1347,-49.3267,80.6,89,75,5.75,BR,1616174713
New,6.6518,-10.5932,86.0,70,20,11.5,LR,1616174713
Tosya,41.0155,34.0401,37.53,97,100,3.44,TR,1616174714
Pangai,-19.8,-174.35,80.6,89,75,6.91,TO,1616174714
Satapuala,-13.8354,-171.9796,73.4,94,75,5.75,WS,1616174715
Salair,54.2312,85.7972,17.74,90,91,4.7,RU,1616174715
Acaraú,-2.8856,-40.12,85.28,68,65,13.58,BR,1616174716
Gravdal,68.1214,13.5031,42.8,70,75,8.05,NO,1616174716
Salina,38.8403,-97.6114,52.0,53,1,5.75,US,1616174573
Luwero,0.8492,32.4731,73.94,59,52,2.35,UG,1616174717
Guaraniaçu,-25.1008,-52.8781,82.04,51,3,5.73,BR,1616174718
Ilhabela,-23.7781,-45.3581,82.6,75,9,4.85,BR,1616174718
Dudinka,69.4058,86.1778,-30.24,96,12,9.6,RU,1616174719
Baracoa,20.3467,-74.4958,79.77,67,71,7.83,CU,1616174719
Kudahuvadhoo,2.6708,72.8944,83.39,72,74,6.89,MV,1616174720
Aljezur,37.3191,-8.8033,60.73,50,56,13.11,PT,1616174721
Winnemucca,40.973,-117.7357,51.8,54,40,10.36,US,1616174721
Eilat,29.5581,34.9482,75.2,29,0,11.5,IL,1616174722
Lábrea,-7.2586,-64.7981,84.94,64,99,4.0,BR,1616174723
Pedernales,18.0384,-71.744,81.99,58,0,7.63,DO,1616174723
Hoquiam,46.9809,-123.8893,46.99,81,75,19.57,US,1616174724
Mackay,-21.15,149.2,73.4,94,40,4.61,AU,1616174724
Dorgoş,46.05,21.8333,39.2,52,26,1.14,RO,1616174725
Harlingen,26.1906,-97.6961,72.0,35,1,12.66,US,1616174725
Bānda,25.4833,80.3333,83.55,27,100,8.14,IN,1616174726
Dahuk,36.8695,42.994,47.61,71,18,2.8,IQ,1616174727
Salinas,36.6777,-121.6555,57.2,94,90,6.91,US,1616174594
Komsomolets,53.7453,62.0708,31.68,92,100,11.32,KZ,1616174728
Yumen,40.2833,97.2,29.84,24,48,5.91,CN,1616174729
Sinnamary,5.3833,-52.95,81.45,68,40,8.48,GF,1616174729
Togul,53.465,85.9128,19.98,87,61,5.41,RU,1616174730
Probolinggo,-7.7543,113.2159,78.8,94,40,5.75,ID,1616174731
Oranjemund,-28.55,16.4333,64.96,81,33,18.01,NA,1616174732
Bridlington,54.0831,-0.1919,45.0,86,92,10.25,GB,1616174732
Gambissara,13.2382,-14.3108,101.82,12,3,8.77,SN,1616174733
El Puerto de Santa María,36.5939,-6.233,64.4,51,0,11.5,ES,1616174554
Lokosovo,61.1333,74.8167,27.18,96,100,4.32,RU,1616174734
Denison,33.7557,-96.5367,55.99,50,1,11.5,US,1616174734
Neryungri,56.6709,124.6491,10.29,94,99,2.42,RU,1616174735
Valparaíso,-33.0393,-71.6273,66.2,59,40,11.5,CL,1616174524
Bousso,10.4795,16.7117,93.9,29,26,10.22,TD,1616174736
Coari,-4.085,-63.1414,88.11,56,90,2.55,BR,1616174736
Yangi Marg`ilon,40.4272,71.7189,57.2,23,90,4.61,UZ,1616174737
Sao,20.5113,76.2129,76.69,45,40,14.05,IN,1616174738
Copiapó,-27.3667,-70.3333,69.8,43,0,12.66,CL,1616174738
Borzya,50.3833,116.5167,9.63,95,15,2.08,RU,1616174739
Irbeyskoye,55.6428,95.4522,14.68,85,89,6.69,RU,1616174739
Hrodna,53.6884,23.8258,28.87,80,63,10.18,BY,1616174740
Khilok,51.3674,110.4676,6.06,93,2,4.36,RU,1616174740
Ucluelet,48.9329,-125.5528,45.0,87,90,13.8,CA,1616174575
Cocobeach,1.0002,9.5823,82.4,83,40,12.66,GA,1616174741
Timrå,62.487,17.3257,32.0,59,0,4.61,SE,1616174742
Vanimo,-2.6741,141.3028,77.72,84,56,3.06,PG,1616174742
Kawambwa,-9.7915,29.0791,66.88,90,93,2.33,ZM,1616174743
Folldal,62.1325,9.9968,28.54,83,79,5.12,NO,1616174535
Peniche,39.3558,-9.3811,59.0,63,23,13.0,PT,1616174744
Coahuayana Viejo,18.7333,-103.6833,80.6,41,40,4.54,MX,1616174744
Stuttgart,48.7823,9.177,39.0,75,40,8.05,DE,1616174745
El Puerto de Santa María,36.5939,-6.233,64.4,51,0,11.5,ES,1616174554
Aranda,10.2365,122.9467,78.75,81,35,4.5,PH,1616174746
Raja,8.4596,25.678,90.1,29,80,5.95,SS,1616174746
Comrie,56.3791,-3.9949,55.99,68,100,3.0,GB,1616174747
Bandar,2.05,99.75,74.25,96,100,2.48,ID,1616174747
Nam,29.424,90.9129,42.91,35,89,5.12,CN,1616174748
San,13.3034,-4.8956,101.86,7,20,4.14,ML,1616174749
